6.470340879999999517e-01
7.592726361883767039e-01
8.715111843767534561e-01
9.837497325651303193e-01
1.095988280753507071e+00
1.208226828941883824e+00
1.320465377130260576e+00
1.432703925318637328e+00
1.544942473507014080e+00
1.657181021695390832e+00
1.769419569883767362e+00
1.881658118072144337e+00
1.993896666260521311e+00
2.106135214448897841e+00
2.218373762637274815e+00
2.330612310825651345e+00
2.442850859014028320e+00
2.555089407202405294e+00
2.667327955390781380e+00
2.779566503579158354e+00
2.891805051767534884e+00
3.004043599955911859e+00
3.116282148144288833e+00
3.176692341759518978e+00
3.126041775575150172e+00
3.075391209390781366e+00
3.024740643206412560e+00
2.974090077022044198e+00
2.923439510837675392e+00
2.872788944653306586e+00
2.822138378468937780e+00
2.771487812284568975e+00
2.720837246100200169e+00
2.670186679915831363e+00
2.619536113731462557e+00
2.568885547547094195e+00
2.518234981362725389e+00
2.467584415178356583e+00
2.416933848993987777e+00
2.366283282809618971e+00
2.315632716625250609e+00
2.264982150440881803e+00
2.214331584256512997e+00
2.163681018072144191e+00
2.113030451887775385e+00
2.062379885703406579e+00
1.920651775174347486e+00
1.726879353591181943e+00
1.533106932008014400e+00
1.339334510424848856e+00
1.145562088841683313e+00
9.517896672585157702e-01
7.580172456753502264e-01
5.642448240921829061e-01
3.704724025090173622e-01
1.766999809258518184e-01
-1.707244065731572391e-02
-2.108448622404810457e-01
-4.046172838236485880e-01
-5.983897054068143539e-01
-7.921621269899796758e-01
-9.859345485731472181e-01
-1.179706970156312984e+00
-1.373479391739480526e+00
-1.567251813322645848e+00
-1.761024234905811614e+00
-1.954796656488978712e+00
-2.148569078072144478e+00
-2.342341499655312020e+00
-2.163230417378756876e+00
-1.966362977775551135e+00
-1.769495538172343618e+00
-1.572628098569137878e+00
-1.375760658965930361e+00
-1.178893219362724620e+00
-9.820257797595191018e-01
-7.851583401563115849e-01
-5.882909005531058444e-01
-3.914234609498983275e-01
-1.945560213466928090e-01
2.311418256512709490e-03
1.991788578597204484e-01
3.960462974629259669e-01
5.929137370661337059e-01
7.897811766693392244e-01
9.866486162725469633e-01
1.183516055875752482e+00
1.380383495478958000e+00
1.577250935082165739e+00
1.774118374685371258e+00
1.970985814288578553e+00
2.104020660380761409e+00
2.066835257110219981e+00
2.029649853839678997e+00
1.992464450569138013e+00
1.955279047298597028e+00
1.918093644028055378e+00
1.880908240757514616e+00
1.843722837486973631e+00
1.806537434216432647e+00
1.769352030945891663e+00
1.732166627675350012e+00
1.694981224404809250e+00
1.657795821134268266e+00
1.620610417863727282e+00
1.583425014593186297e+00
1.546239611322644869e+00
1.509054208052103885e+00
1.471868804781562901e+00
1.434683401511021916e+00
1.397497998240480932e+00
1.360312594969939504e+00
1.323127191699398519e+00
1.285941788428857535e+00
1.286328869825651422e+00
1.312727671376753502e+00
1.339126472927856248e+00
1.365525274478958329e+00
1.391924076030060409e+00
1.418322877581162489e+00
1.444721679132264569e+00
1.471120480683367315e+00
1.497519282234469173e+00
1.523918083785571476e+00
1.550316885336673556e+00
1.576715686887775636e+00
1.603114488438878160e+00
1.629513289989980240e+00
1.655912091541082543e+00
1.682310893092184401e+00
1.708709694643286703e+00
1.735108496194389227e+00
1.761507297745491307e+00
1.787906099296593387e+00
1.814304900847695468e+00
1.840703702398797770e+00
1.867102503949900072e+00
1.770187137765529828e+00
1.660940354807614483e+00
1.551693571849699138e+00
1.442446788891783793e+00
1.333200005933866006e+00
1.223953222975950883e+00
1.114706440018035316e+00
1.005459657060119971e+00
8.962128741022045153e-01
7.869660911442870610e-01
6.777193081863714941e-01
5.684725252284561492e-01
4.592257422705408043e-01
3.499789593126254594e-01
2.407321763547078941e-01
1.314853933967923272e-01
2.223861043887698230e-02
-8.700817251903836258e-02
-1.962549554769537075e-01
-3.055017384348714948e-01
-4.147485213927866177e-01
-5.239953043507021846e-01
-5.993692867374749156e-01
-5.595757471823648022e-01
-5.197822076272539116e-01
-4.799886680721439092e-01
-4.401951285170337957e-01
-4.004015889619237933e-01
-3.606080494068129028e-01
-3.208145098517028448e-01
-2.810209702965927869e-01
-2.412274307414827290e-01
-2.014338911863726156e-01
-1.616403516312617805e-01
-1.218468120761517226e-01
-8.205327252104166469e-02
-4.225973296593155126e-02
-2.466193410821548859e-03
3.732734614428934172e-02
7.712088569939945515e-02
1.169144252545094576e-01
1.567079648096195710e-01
1.965015043647295734e-01
2.362950439198404640e-01
2.760885834749504664e-01
3.553873692024037134e-01
4.676071934068165570e-01
5.798270176112250152e-01
6.920468418156333623e-01
8.042666660200417095e-01
9.164864902244500566e-01
1.028706314428858404e+00
1.140926138633266751e+00
1.253145962837675098e+00
1.365365787042083445e+00
1.477585611246496455e+00
1.589805435450904803e+00
1.702025259655313150e+00
1.814245083859721497e+00
1.926464908064129844e+00
2.038684732268538191e+00
2.150904556472946538e+00
2.263124380677354885e+00
2.375344204881763233e+00
2.487564029086171580e+00
2.599783853290584368e+00
2.712003677494992715e+00
2.824223501699401062e+00
2.820366626513025388e+00
2.798181851422845146e+00
2.775997076332664903e+00
2.753812301242484661e+00
2.731627526152304419e+00
2.709442751062124177e+00
2.687257975971943935e+00
2.665073200881762805e+00
2.642888425791582563e+00
2.620703650701402321e+00
2.598518875611222079e+00
2.576334100521041837e+00
2.554149325430861595e+00
2.531964550340680908e+00
2.509779775250500666e+00
2.487595000160320424e+00
2.465410225070140182e+00
2.443225449979959052e+00
2.421040674889778810e+00
2.398855899799598568e+00
2.376671124709418326e+00
2.354486349619238084e+00
2.299743769935869597e+00
2.098491069583165114e+00
1.897238369230460409e+00
1.695985668877755703e+00
1.494732968525051220e+00
1.293480268172338521e+00
1.092227567819633816e+00
8.909748674669293322e-01
6.897221671142246269e-01
4.884694667615201435e-01
2.872167664088154382e-01
8.596406605611095486e-02
-1.152886342965935285e-01
-3.165413346492984559e-01
-5.177940350020029392e-01
-7.190467353547158602e-01
-9.202994357074203435e-01
-1.121552136060124827e+00
-1.322804836412829310e+00
-1.524057536765534238e+00
-1.725310237118238277e+00
-1.926562937470943204e+00
-2.127815637823648132e+00
-2.154396752162325068e+00
-2.006306280486974902e+00
-1.858215808811618963e+00
-1.710125337136268797e+00
-1.562034865460918631e+00
-1.413944393785568465e+00
-1.265853922110218521e+00
-1.117763450434868355e+00
-9.696729787595181893e-01
-8.215825070841682454e-01
-6.734920354088180794e-01
-5.254015637334619182e-01
-3.773110920581119743e-01
-2.292206203827618083e-01
-8.113014870741164231e-02
6.696032296793852368e-02
2.150507946432886897e-01
3.631412663186388556e-01
5.112317379939885775e-01
6.593222096693387435e-01
8.074126813446889095e-01
9.555031530200448486e-01
1.103593624695395015e+00
1.129457559268536970e+00
1.128160041152304505e+00
1.126862523036072039e+00
1.125565004919839573e+00
1.124267486803607108e+00
1.122969968687374642e+00
1.121672450571142177e+00
1.120374932454909711e+00
1.119077414338677245e+00
1.117779896222444780e+00
1.116482378106212314e+00
1.115184859989979849e+00
1.113887341873747383e+00
1.112589823757515139e+00
1.111292305641282674e+00
1.109994787525050208e+00
1.108697269408817743e+00
1.107399751292585277e+00
1.106102233176352811e+00
1.104804715060120346e+00
1.103507196943887880e+00
1.102209678827655415e+00
1.111544638913829042e+00
1.188218627615231560e+00
1.264892616316634077e+00
1.341566605018036595e+00
1.418240593719439113e+00
1.494914582420841631e+00
1.571588571122247036e+00
1.648262559823649553e+00
1.724936548525052071e+00
1.801610537226454589e+00
1.878284525927857107e+00
1.954958514629259625e+00
2.031632503330662143e+00
2.108306492032064661e+00
2.184980480733467179e+00
2.261654469434869696e+00
2.338328458136275323e+00
2.415002446837677397e+00
2.491676435539080359e+00
2.568350424240482432e+00
2.645024412941885394e+00
2.721698401643287468e+00
2.798372390344690430e+00
2.750402267222443964e+00
2.552859209911823246e+00
2.355316152601202973e+00
2.157773095290574261e+00
1.960230037979953988e+00
1.762686980669333714e+00
1.565143923358713218e+00
1.367600866048092723e+00
1.170057808737472227e+00
9.725147514268517313e-01
7.749716941162314576e-01
5.774286368056107399e-01
3.798855794949824727e-01
1.823425221843617550e-01
-1.520053512625851866e-02
-2.127435924368787923e-01
-4.102866497474995100e-01
-6.078297070581197836e-01
-8.053727643687405013e-01
-1.002915821679360775e+00
-1.200458878989981493e+00
-1.398001936300601322e+00
-1.595544993611230034e+00
-1.586272521551099990e+00
-1.516171952617232588e+00
-1.446071383683364964e+00
-1.375970814749497562e+00
-1.305870245815630160e+00
-1.235769676881762758e+00
-1.165669107947895355e+00
-1.095568539014027731e+00
-1.025467970080160329e+00
-9.553674011462900406e-01
-8.852668322124226385e-01
-8.151662632785551255e-01
-7.450656943446877234e-01
-6.749651254108202103e-01
-6.048645564769528082e-01
-5.347639875430854062e-01
-4.646634186092177821e-01
-3.945628496753503800e-01
-3.244622807414829779e-01
-2.543617118076126893e-01
-1.842611428737452872e-01
-1.141605739398776631e-01
-3.867960085370936163e-02
9.060541375550854037e-02
2.198904283647368785e-01
3.491754429739548082e-01
4.784604575831727380e-01
6.077454721923907233e-01
7.370304868016086530e-01
8.663155014108264718e-01
9.956005160200444015e-01
1.124885530629262220e+00
1.254170545238480150e+00
1.383455559847698080e+00
1.512740574456916010e+00
1.642025589066133939e+00
1.771310603675351869e+00
1.900595618284569799e+00
2.029880632893787951e+00
2.159165647503005658e+00
2.288450662112223810e+00
2.417735676721441518e+00
2.547020691330659670e+00
2.676305705939888036e+00
2.805590720549105743e+00
2.860946248496991640e+00
2.809514740156310086e+00
2.758083231815628977e+00
2.706651723474947868e+00
2.655220215134266759e+00
2.603788706793585650e+00
2.552357198452904541e+00
2.500925690112223432e+00
2.449494181771542323e+00
2.398062673430860769e+00
2.346631165090179660e+00
2.295199656749498551e+00
2.243768148408817442e+00
2.192336640068136333e+00
2.140905131727455224e+00
2.089473623386774115e+00
2.038042115046092562e+00
1.986610606705411453e+00
1.935179098364726347e+00
1.883747590024045238e+00
1.832316081683363906e+00
1.780884573342682797e+00
1.729453065002001688e+00
1.545439201198387069e+00
1.311706954096183653e+00
1.077974706993980236e+00
8.442424598917768197e-01
6.105102127895734032e-01
3.767779656873699867e-01
1.430457185851665702e-01
-9.068652851703684625e-02
-3.244187756192404848e-01
-5.581510227214439013e-01
-7.918832698236473178e-01
-1.025615516925850734e+00
-1.259347764028054151e+00
-1.493080011130257567e+00
-1.726812258232460984e+00
-1.960544505334683496e+00
-2.194276752436886913e+00
-2.428008999539089885e+00
-2.661741246641293301e+00
-2.895473493743496718e+00
-3.129205740845700134e+00
-3.362937987947903551e+00
-3.598845816663335917e+00
-3.880440859256521158e+00
-4.162035901849706399e+00
-4.443630944442891639e+00
-4.725225987036076880e+00
-5.006821029629262121e+00
-5.288416072222447362e+00
-5.570011114815632602e+00
-5.851606157408818731e+00
-6.133201200002003972e+00
-6.414796242595189213e+00
-6.696391285188374454e+00
-6.977986327781559694e+00
-7.259581370374767140e+00
-7.541176412967952380e+00
-7.822771455561138509e+00
-8.104366498154323750e+00
-8.385961540747508991e+00
-8.667556583340694232e+00
-8.949151625933879473e+00
-9.230746668527064713e+00
-9.512341711120249954e+00
-9.793936753713435195e+00
-9.648958829476935506e+00
-8.757478213288562685e+00
-7.865997597100189864e+00
-6.974516980911817043e+00
-6.083036364723444223e+00
-5.191555748535070514e+00
-4.300075132346697693e+00
-3.408594516158324872e+00
-2.517113899969951163e+00
-1.625633283781507288e+00
-7.341526675931326906e-01
1.573279485952401302e-01
1.048808564783612951e+00
1.940289180971985772e+00
2.831769797160358593e+00
3.723250413348731414e+00
4.614731029537104234e+00
5.506211645725478832e+00
6.397692261913849876e+00
7.289172878102224473e+00
8.180653494290595518e+00
9.072134110478970115e+00
9.963614726667344712e+00
1.003409387689378462e+01
9.721439009671341225e+00
9.408784142448897825e+00
9.096129275226452648e+00
8.783474408004009248e+00
8.470819540781565848e+00
8.158164673559097579e+00
7.845509806336654179e+00
7.532854939114210779e+00
7.220200071891767379e+00
6.907545204669323091e+00
6.594890337446879691e+00
6.282235470224435403e+00
5.969580603001992003e+00
5.656925735779548603e+00
5.344270868557105203e+00
5.031616001334661803e+00
4.718961134112217515e+00
4.406306266889774115e+00
4.093651399667330715e+00
3.780996532444887315e+00
3.468341665222443027e+00
3.155686797999999627e+00
